000010000
000010200
000010221
100210221
100210221
000010200
000010221
100210221
100210221
000010200
000010221
100210221
100210221
000010200
000010221
100210221
100210221
000010200
000010221
100210221
100210221
000010200
000010221
100210221
100210221
000010200
000010221
100210221
100210221
000010200
000010221
100210221
100210221
000010200
000010221
100210221
100210221
000000100
000100120
000110122
100112122
100112122
111122122
111122212
111122221
111122200
111122020
111122002
111120220
111120202
111120022
111102220
111102202
111102022
111212122
111212212
111212221
111212200
111212020
111212002
111210220
111210202
111210022
111221122
111221212
111221221
111221200
111221020
111221002
111220120
111220102
111220210
111220201
111220012
111220021
111220000
111201220
111201202
111201022
111202120
111202102
111202210
111202201

111202012
111202021
111202000
111200122
111200212
111200221
111200200
111200020
111200002
111012220
111012202
111012022
111021220
111021202
111021022
111022120
111022102
111022210
111022201
111022012
111022021
111022000
111020122
111020212
111020221
111020200
111020020
111020002
111002122
111002212
111002221
111002200
111002020
111002002
111000220
111000202
111000022
112112221
112121122
112122121
112122100
112120120
112120102
112102120
112100122
112211212
112211221
112212121
112212211
112212010
112212001
112210210
112210201
112210012
112210021
112012210
112012201
112012021
112010212
112010221
110122120
110122102
110120122
110102122
110212210
110212201
110212012
110212021
110210212
110210221
110012212
110012221
121112122
121112221
121122112
121122100
121120102
121102120
121102102
121100122
121211122
121211221
121212112
121212121
121212100
121212211
121212001
121210120
121210102
121210201
121210021
121221211
121221001
121201201
121201021
121012120
121012102
121012201
121012021
121010122
121010221
121021201
121001221
122111122
122111212
122111221
122111200
122111020
122111002
122112121
122112100
122112211
122112001
122110120
122110102
122110201
122110021
122121112
122121100
122122111
122120110
122120101
122101120
122101102
122102110
122102101
122100112
122100121
122100100
122211121
122211211
122211001
122212111
122210101
122210011
122221111
122200111
122011201
122011021
122012101
122012011
122010121
122010211
122010001
122020111
122002111
120111220
120111202
120111022
120112120
120112102
120112201
120112021
120110122
120110221
120121102
120122110
120122101
120120112
120120100
120101122
120102112
120102121
120102100
120100120
120100102
120211201
120211021
120212101
120212011
120210121
120210211
120210001
120220111
120202111
120011221
120012121
120012211
120012001
120010201
120010021
120022111
101122120
101122102
101120122
101102122
101212120
101212102
101212201
101212021
101210122
101210221
101221201
101221021
101201221
101012122
101012221
101021221
102111220
102111202
102111022
102112120
102112201
102112021
102110122
102110221
102121120
102121102
102122110
102122101
102120112
102120121
102120100
102101122
102102121
102102100
102100120
102100102
102211201
102211021
102212101
102212011
102210121
102210211
102210001
102220111
102202111
102011221
102012121
102012211
102012001
102010201
102010021
102022111
100112122
100112221
100121122
100122112
100122121
100122100
100120120
100120102
100102120
100102102
100100122
100211221
100212121
100212211
100212001
100210201
100210021
100012201
100012021
100010221
211112122
211112212
211121221
211211122
211212112
211212121
211212100
211212010
211210120
211210102
211210012
211221121
211221001
211201021
211012120
211012102
211012210
211012012
211010122
211010212
211021201
211021021
211001221
212111122
212111212
212111221
212111200
212111020
212111002
212112211
212112010
212110210
212110012
212122111
212211112
212211010
212212111
212210110
212210011
212221111
212200111
212011210
212011012
212012110
212012011
212010112
212010211
212010010
212020111
212002111
210111220
210111202
210111022
210112210
210112012
210110212
210211012
210212110
210212011
210210112
210210010
210220111
210202111
210011212
210012112
210012211
210012010
210010210
210010012
210022111
221111122
221111212
221111221
221111200
221111020
221111002
221112112
221112121
221112100
221110120
221110102
221121211
221121001
221122111
221101201
221101021
221211112
221211121
221211100
221211001
221212111
221210110
221210101
221221111
221201101
221201011
221200111
221011120
221011102
221011201
221011021
221012110
221012101
221010112
221010121
221010100
221021101
221021011
221020111
221001121
221001211
221001001
221002111
220111120
220111102
220111210
220111201
220111012
220111021
220111000
220120111
220102111
220210111
220201111
220012111
220021111
220000111
201111220
201111202
201111022
201112120
201112102
201110122
201121201
201121021
201101221
201211120
201211102
201211021
201212110
201212101
201210112
201210121
201210100
201221101
201221011
201220111
201201121
201201001
201202111
201011122
201011221
201012112
201012121
201012100
201010120
201010102
201021121
201021211
201021001
201022111
201001201
201001021
202111120
202111102
202111210
202111201
202111012
202111021
202111000
202120111
202102111
202210111
202201111
202012111
202021111
202000111
200111122
200111212
200111221
200111200
200111020
200111002
200122111
200212111
200221111
200200111
200020111
200002111
011212120
011212102
011212210
011212012
011210122
011210212
011221201
011221021
011201221
011012122
011012212
011021221
012111220
012111202
012111022
012112210
012110212
012211210
012211012
012212110
012212011
012210112
012210211
012210010
012220111
012202111
012011212
012012211
012012010
012010210
012010012
012022111
010112212
010211212
010212112
010212211
010212010
010210210
010210012
010012210
010012012
010010212
021111220
021111202
021111022
021112120
021112102
021110122
021121201
021101221
021211120
021211102
021211201
021211021
021212110
021212101
021210112
021210121
021210100
021221101
021221011
021220111
021201121
021201211
021201001
021202111
021011122
021011221
021012112
021012121
021012100
021010120
021010102
021021211
021021001
021022111
021001201
021001021
022111120
022111102
022111210
022111201
022111012
022111021
022111000
022120111
022102111
022210111
022201111
022012111
022021111
022000111
020111122
020111212
020111221
020111200
020111020
020111002
020122111
020212111
020221111
020200111
020020111
020002111
001112122
001121221
001211122
001211221
001212112
001212121
001212100
001210120
001210102
001221121
001221211
001221001
001201201
001201021
001012120
001012102
001010122
001021201
001021021
001001221
002111122
002111212
002111221
002111200
002111020
002111002
002122111
002212111
002221111
002200111
002020111
002002111
000111220
000111202
000111022
000220111
000202111
000022111
