222110112
222112110
111020200
202112112
210122112
212120112
220121112
221120112
222121110
202121112
201122112
200120112
212102112
222101112
222100110
222110121
210121122
211120122
220121121
221120121
221121120
201121122
222101121
212112102
222112101
222110100
212121102
211122102
210120102
222121101
221121102
200121102
201120102
222100101
222101100
022112112
012122112
002102112
012112122
022121121
021122121
020120121
021121122
020121120
021120120
002112102
012102102
102212112
110222112
112222110
121222110
101222112
100222110
112202112
110222121
120221121
121220121
121221120
101222121
112212102
112222101
110222100
121222101
100222101
101222100
222211110
210221112
211220112
211222110
201221112
222211101
211222101
211221102
011222112
010222110
001222110
011222121
010222101
011222100
001222101
122012112
112022112
102002112
112012122
122021121
121022121
120020121
121021122
120021120
121020120
102012102
112002102
222011112
222010110
212021112
211022112
210020112
221021112
200021112
201020112
222001110
222011121
211021122
222010101
222011100
210021102
211020102
201021102
222001101
002012112
012002112
020021121
021020121
021021120
012012102
102112212
112120212
112122210
122120211
122121210
102122211
102121212
102120210
112102212
110112222
112110222
121110222
101112222
100110222
112120221
110121222
112121220
120121221
121120221
121121220
102121221
101121222
112101222
110100222
121101222
100101222
101100222
112112202
112122201
112121202
112120200
122121201
102120201
102121200
222110211
212120211
210121212
211120212
212121210
202121211
201121212
222101211
211110222
211101222
212121201
211121202
012122211
012121212
012120210
022121211
002120211
002121210
011112222
010110222
001110222
012121221
011121222
010101222
011100222
001101222
012120201
012121200
002121201
110222211
112220211
112221210
102221211
101222211
110211222
101211222
112221201
220211211
221210211
221211210
202211211
201212211
200210211
201211212
200211210
201210210
210221211
211220211
211221210
212201211
211202211
210200211
211201212
210201210
211200210
200201211
201200211
201201210
210211221
211210221
211211220
212211201
211212201
210210201
211211202
210211200
211210200
200211201
201210201
201211200
210201201
211200201
211201200
012221211
011222211
011211222
112022211
112021212
112020210
122021211
102020211
102021210
112011222
110010222
121011222
100011222
101010222
112021221
110001222
101001222
112020201
112021200
102021201
222011211
212021211
211021212
211011222
012020211
012021210
002021211
010011222
011010222
001011222
011001222
012021201
122112012
112122012
102102012
112112022
122121021
121122021
120120021
121121022
120121020
121120020
102112002
112102002
222112011
222110010
212121012
211122012
210120012
222121011
221121012
200121012
201120012
222100011
222101010
211121022
222110001
210121002
211120002
201121002
222101001
002112012
012102012
020121021
021120021
021121020
012112002
112222011
110222010
121222011
100222011
101222010
110222001
101222001
222211011
211222011
211221012
010222011
011222010
001222011
011222001
102012012
112002012
120021021
121020021
121021020
112012002
222010011
222011010
210021012
211020012
201021012
222001011
222011001
211021002
212112121
212121121
211122121
122211112
112221112
121221112
112211122
112221121
212211121
121112212
121122211
121121212
221112211
211122211
211112221
121211212
112211122
212112121
221112211
121211212
112211122
212112121
221112211
121211212
112211122
212112121
221112211
121211212
112211122
212112121
221112211
121211212
112211122
212112121
221112211
121211212
112211122
212112121
221112211
121211212
112211122
212112121
221112211
121211212
112211122
212112121
221112211
121211212
112211122
212112121
221112211
121211212
112211122
212112121
221112211
121211212
112211122
212112121
221112211
121211212
112211122
212112121
221112211
121211212
112211122
212112121
221112211
121211212
112211122
212112121
221112211
121211212
112211122
212112121
221112211
121211212
112211122
212112121
221112211
121211212
112211122
212112121
221112211
121211212
112211122
212112121
221112211
121211212
112211122
212112121
221112211
121211212
112211122
212112121
221112211
121211212
112211122
212112121
221112211
121211212
112211122
212112121
221112211
121211212
112211122
212112121
221112211
121211212
112211122
212112121
221112211
121211212
112211122
212112121
221112211
121211212
112211122
212112121
221112211
121211212
112211122
212112121
221112211
121211212
112211122
212112121
221112211
121211212
112211122
212112121
221112211
121211212
112211122
212112121
221112211
121211212
112211122
212112121
221112211
121211212
112211122
212112121
221112211
121211212
112211122
212112121
221112211
121211212
112211122
212112121
221112211
121211212
112211122
212112121
221112211
121211212
112211122
212112121
221112211
121211212
112211122
212112121
221112211
121211212
112211122
212112121
221112211
121211212
112211122
212112121
221112211
121211212
112211122
212112121
221112211
121211212
112211122
212112121
221112211
121211212
112211122
212112121
221112211
121211212
112211122
212112121
221112211
121211212
112211122
212112121
221112211
121211212
112211122
212112121
221112211
121211212
112211122
212112121
221112211
121211212
112211122
212112121
221112211
121211212
112211122
212112121
221112211
121211212
112211122
212112121
221112211
121211212
112211122
212112121
221112211
121211212
112211122
212112121
221112211
121211212
112211122
212112121
221112211
121211212
112211122
212112121
221112211
121211212
112211122
212112121
221112211
121211212
112211122
212112121
221112211
121211212
112211122
212112121
221112211
121211212
112211122
212112121
221112211
121211212
112211122
212112121
221112211
121211212
112211122
212112121
221112211
121211212
112211122
212112121
221112211
121211212
112211122
212112121
221112211
121211212
112211122
212112121
221112211
121211212
112211122
212112121
221112211
121211212
112211122
212112121
221112211
121211212
112211122
212112121
221112211
121211212
112211122
212112121
221112211
121211212
112211122
212112121
221112211
121211212
112211122
212112121
221112211
121211212
112211122
212112121
221112211
121211212
112211122
212112121
221112211
121211212
112211122
212112121
221112211
121211212
112211122
212112121
221112211
121211212
112211122
212112121
221112211
121211212
112211122
212112121
221112211
121211212
112211122
212112121
221112211
121211212
112211122
212112121
221112211
121211212
112211122
212112121
221112211
121211212
112211122
212112121
221112211
121211212
112211122
212112121
221112211
121211212
112211122
212112121
221112211
121211212
112211122
212112121
221112211
121211212
112211122
212112121
221112211
121211212
112211122
212112121
221112211
121211212
112211122
212112121
221112211
121211212
112211122
210020012
110000222
010222010
211221200
211221200
112122002
012122211
012122211
012020210
212120201
212120201
212120201
201210200
201210200
200211211
200211211
201210200
222010011
222010011
201210201
211221200
211221200
110222000
010010222
220211221
112022102
112012022
012012122
