000010000
100210200
221010000
200010000
020010000
120122100
002010000
000210000
000012000
000010200
000010020
000010002
000010002
001012002
001012122
001012122
000010002
001012002
001012122
001012122
000010002
001012002
001012122
001012122
000010002
001012002
001012122
001012122
000010002
001012002
001012122
001012122
000010002
001012002
001012122
001012122
000010002
001012002
001012122
001012122
000010002
001012002
001012122
001012122
000010002
001012002
001012122
001012122
000000001
000002011
002012011
022012111
022012111
122122111
122121112
121122112
120120112
120122110
122120110
100122112
102120112
102122110
120102112
122100112
122102110
122112121
122111122
121112122
120110122
120112120
122110120
100112122
102110122
102112120
112122121
112121122
111122122
110120122
110122120
112120120
100122121
102120121
100121122
101120122
102121120
101122120
100120120
110102122
112100122
112102120
120102121
122100121
120101122
121100122
122101120
121102120
120100120
102102121
102101122
101102122
100100122
100102120
102100120
120112102
122110102
122112100
110122102
112120102
112122100
120122101
122120101
120121102
121120102
122121100
121122100
120120100
102122101
102121102
101122102
100120102
100122100
102120100
122102101
122101102
121102102
120100102
120102100
122100100
100102102
102100102
102102100
221112112
212122111
221122111
220120111
200122111
202120111
220102111
202102111
212111122
211112122
221112121
221111122
220111120
221110120
200111122
201110122
202111120
201112120
220111102
221110102
221112100
202111102
201112102
020122111
022120111
002122111
022102111
020111122
021110122
022111120
021112120
002111122
001112122
022111102
021112102
122212111
121212112
122221111
120220111
102220111
120202111
102202111
112212121
111212122
122211121
121212121
120210121
121211122
121210120
100212121
102210121
101210122
101212120
111221122
111220120
111200122
111202120
120212101
122210101
121210102
121212100
102212101
101212102
111220102
111202102
212212111
212211112
211212112
210210112
210212110
212210110
221212111
220210111
221211112
221210110
200212111
202210111
201210112
201212110
212221111
210220111
221221111
200221111
201220111
210202111
212200111
220201111
221200111
202201111
201202111
200200111
211212121
211211122
211210120
221211121
201210121
201211120
211221121
201201121
211210102
211212100
221210101
221211100
201212101
201211102
201210100
201221101
221201101
010212112
012210112
012212110
020212111
022210111
021210112
021212110
002212111
001212112
012220111
020221111
021220111
002221111
000220111
012202111
022201111
021202111
020200111
000202111
002200111
011210122
011212120
021210121
021211120
001212121
001211122
001210120
001221121
021201121
011212102
021212101
021211102
021210100
001210102
001212100
021221101
120022111
122020111
102022111
122002111
120012121
122010121
121010122
121012120
102012121
101012122
111020122
111022120
111002122
122012101
121012102
111022102
210012112
212010112
212012110
220012111
221010112
221012110
202012111
201012112
210022111
212020111
220021111
221020111
202021111
201022111
200020111
212002111
221002111
220000111
200002111
202000111
211010122
211012120
221010121
221011120
201012121
201011122
201010120
201021121
221001121
211012102
221012101
221011102
221010100
201010102
201012100
221021101
022012111
021012112
012022111
022021111
021022111
020020111
000022111
002020111
020002111
022000111
002002111
011012122
021012121
021011122
021010120
001010122
001012120
021010102
021012100
001012102
122112211
122111212
111122212
112112221
122111221
121112221
120110221
120111220
100112221
102110221
102111220
111122221
111120220
111102220
120112201
122110201
120111202
122111200
102112201
102111202
111120202
111122200
111102202
212112211
212111212
211112212
210110212
210112210
212110210
221111212
220111210
200111212
202111210
221121211
212111221
210111220
221111221
200111221
201111220
211121221
201101221
210111202
212111200
220111201
221111200
202111201
201111202
200111200
201121201
221101201
010112212
012110212
012112210
020111212
022111210
002111212
012111220
020111221
021111220
002111221
000111220
001121221
021101221
012111202
022111201
021111202
020111200
000111202
002111200
021121201
112212211
112211212
111212212
110210212
110212210
112210210
122211211
121212211
120210211
100212211
102210211
111221212
111220210
121221211
111200212
111202210
112211221
111212221
110210221
111210220
121211221
100211221
101210221
111221221
111200221
111201220
101201221
110212201
112210201
111210202
111212200
120211201
121210201
102211201
101212201
100210201
111220201
111221200
101221201
111202201
111201202
111200200
121201201
010212211
012210211
010211212
011210212
012211210
011212210
010210210
001221211
021201211
001211221
011201221
021211201
011221201
001201201
110012212
112010212
112012210
120012211
122010211
102012211
111020212
111022210
111002212
110012221
112010221
111012220
120011221
121010221
102011221
101012221
100010221
111020221
111021220
101021221
111002221
111000220
121001221
112012201
111012202
122011201
121012201
120010201
100012201
102010201
111022201
111021202
111020200
121021201
111000202
111002200
210012211
212010211
210011212
211010212
212011210
211012210
210010210
201021211
221001211
201011221
211001221
221011201
211021201
201001201
012012211
012011212
011012212
010010212
010012210
012010210
021021211
021011221
011021221
001001221
001021201
021001201
120112021
122110021
120111022
122111020
102112021
102111022
111120022
111122020
111102022
122112001
122111002
111122002
210112012
212110012
212112010
220111012
202111012
210111022
212111020
220111021
221111020
202111021
201111022
200111020
201121021
221101021
212111002
221111002
220111000
200111002
202111000
221121001
022111012
012111022
022111021
021111022
020111020
000111022
002111020
020111002
022111000
002111002
110212012
112210012
112212010
120212011
122210011
102212011
111220012
111202012
110212021
112210021
111210022
111212020
120211021
121210021
102211021
101212021
100210021
111220021
111221020
101221021
111202021
111201022
111200020
121201021
112212001
111212002
122211001
121212001
120210001
100212001
102210001
111221002
111220000
121221001
111200002
111202000
210212011
212210011
210211012
211210012
212211010
211212010
210210010
201221011
221201011
201211021
211201021
221211001
211221001
201201001
012212011
012211012
011212012
010210012
010212010
012210010
021221011
021211021
011221021
001201021
021201001
122012011
111022012
112012021
111012022
122011021
121012021
100020000
120010021
100012021
102010021
111022021
111021022
101020200
111020020
110212212
111000022
100221000
111002020
002011002
120012001
122010001
102012001
111020002
111022000
111002002
212012011
212011012
211012012
210010012
210012010
212010010
221021011
221011021
211021021
201001021
201021001
221001001
010012012
012010012
012012010
001021021
021001021
021021001
111220000
221010021
221010021
221010021
221010021
221010000
221010020
200210120
210020021
210020001
210010000
000010002
010000020
010000122
000010200
000010212
000010221
000010221
001002000
101002002
101002020
111002022
101002200
111002202
111002220
111102222
100020000
101020002
110020020
111020022
101020200
111020202
111020220
111120222
100122000
101122002
110122020
111122022
101122200
111122202
111122220
100200000
101200002
101200020
111200022
110200200
111200202
111200220
111210222
100212000
101212002
110212020
111212022
110212200
111212202
111212220
100221000
110221002
110221020
111221022
101221200
111221202
111221220
100221000
110221002
110221020
101221200
002010000
002011002
002110020
002111022
012010200
012010212
012010221
012010221
002012001
002012001
102012021
102012021
102012201
102012201
112012221
002010000
002011002
002110020
002111022
012010200
012010212
012010221
002012001
002012001
102012021
102012201
102210000
102211002
102210021
102210021
112210200
112210212
112210221
102212001
102212001
112212021
112212201
102210000
102211002
102210021
112210200
102212001
120000000
120010002
120010020
120010122
120010200
120010212
120010221
120010221
120002100
121002102
120102120
121102122
120002100
121002102
120102120
120020010
121020012
120020010
121020012
121020210
121120212
121020210
120122010
120122112
120122010
121122210
120210000
121210002
121210020
121210122
120210201
120210201
121210221
121212000
121212102
121212120
121212201
120210000
121210002
121210020
120210201
121212000
122100000
122101002
122110020
122111022
122110200
122111202
122111220
122102100
122112102
122112120
122102100
122120100
122121102
122121120
122120100
122122110
122100000
122101002
122110020
122110200
122102100
122120100
200010000
210010002
200110020
200111022
200110200
200111202
200111220
210111222
210012000
211012002
210012120
211012122
210012210
211012212
210012210
200010000
210010002
200110020
200111022
200110200
200111202
200111220
210012000
211012002
210012120
210012210
200210100
210210102
201210120
211210122
200210100
210210102
201210120
210212100
211212102
211212120
210212100
200210100
210210102
201210120
200210100
210212100
212010000
212011002
212110020
212111022
212110200
212111202
212111220
212012010
212112012
212012010
212112210
212010000
212011002
212110020
212110200
212012010
212210010
212211012
212210010
212211210
212212110
212210010
221010000
221110002
221110020
221111022
221110200
221111202
221111220
221012100
221112102
221112120
221012100
221010000
221110002
221110020
221110200
221012100
221210100
221211102
221211120
221210100
221212110
221210100
221010000
221110002
221110020
221110200
221012100
221010000
221210100
122211201
111221220
222010100
101221221
120211221
121210221
110212221
112210221
111212220
101212221
102211221
100210221
121201221
111202221
111200220
111220212
120212211
122210211
110212212
112210212
112212210
102212211
111202212
121221201
111221202
111220200
121212201
122211201
120210201
111212202
112212201
100212201
102210201
111200202
111202200
011221221
021211221
001201221
021221211
011212212
012211212
010210212
012212211
010212210
012210210
001221201
021201201
201121221
220111221
221111220
212111220
202111221
200111220
221101221
220111212
210112212
212110212
212112210
202111212
221121201
221111202
220111200
212111202
200111202
202111200
111122220
120112221
122110221
122111220
102112221
111122202
122111202
122112201
022111221
020111220
002111220
022111212
020111202
022111200
002111202
211021221
221011221
201001221
221021211
211012212
212011212
210010212
212012211
210012210
212010210
201021201
221001201
111022221
111020220
121012221
122011221
120010221
112012221
100012221
102010221
111002220
111022212
122012211
111020202
111022200
120012201
122010201
102012201
111002202
001021221
021001221
010012212
012010212
012012210
021021201
201221121
221210121
221211120
211210122
211212120
201211122
201212121
201210120
221201121
220221111
221220111
212220111
202221111
200220111
221210112
220212111
221212110
210212112
212210112
212212110
201212112
202212111
221202111
220200111
212202111
200202111
202200111
221221101
221211102
221212101
221210100
211212102
201210102
201212100
111220122
121210122
120212121
122210121
121212120
101212122
102212121
111202122
122220111
122202111
121212102
122212101
021211122
021212121
021210120
011212122
001210122
001212120
022221111
020220111
002220111
021212112
022212111
020202111
022200111
002202111
021210102
021212100
001212102
220111122
221110122
221112120
201112122
202111122
220122111
202122111
221112102
110122122
112120122
112122120
101122122
102121122
100120122
102122121
100122120
102120120
120112122
122110122
122112120
121102122
122101122
120100122
122102121
120102120
122100120
100102122
102100122
102102120
120122112
122120112
122122110
121122102
122121102
120120102
122122101
120122100
122120100
100122102
102120102
102122100
120102102
122100102
122102100
021112122
022111122
022122111
221011122
221012121
221010120
211012122
201010122
201012120
221022111
220020111
212022111
200022111
202020111
221012112
220002111
202002111
221010102
221012100
201012102
111022122
121012122
122012121
122022111
021010122
021012120
001012122
020022111
022020111
002022111
022002111
021012102
211221021
221211021
201201021
221221011
211212012
212211012
210210012
212212011
210212010
212210010
201221001
221201001
111221022
111220020
121212021
122211021
120210021
111212022
112212021
100212021
102210021
111200022
111202020
122212011
111220002
120212001
122210001
102212001
111202002
001221021
021201021
010212012
012210012
012212010
021221001
221111022
220111020
212111022
200111022
202111020
220111002
202111002
111122022
122111022
122112021
020111022
022111020
002111022
022111002
201021021
221001021
210012012
212010012
212012010
221021001
111020022
111022020
120012021
122010021
102012021
111002022
111022002
122012001
121221212
121212212
122211212
211122221
221112221
212112221
221122211
221112212
121122212
212221121
212211122
212212121
112221122
122211122
122221112
212122121
221122211
121221212
112221122
212122121
221122211
121221212
112221122
212122121
221122211
121221212
112221122
212122121
221122211
121221212
112221122
212122121
221122211
121221212
112221122
212122121
221122211
121221212
112221122
212122121
221122211
121221212
112221122
212122121
221122211
121221212
112221122
212122121
221122211
121221212
112221122
212122121
221122211
121221212
112221122
212122121
221122211
121221212
112221122
212122121
221122211
121221212
112221122
212122121
221122211
121221212
112221122
212122121
221122211
121221212
112221122
212122121
221122211
121221212
112221122
212122121
221122211
121221212
112221122
212122121
221122211
121221212
112221122
212122121
221122211
121221212
112221122
212122121
221122211
121221212
112221122
212122121
221122211
121221212
112221122
212122121
221122211
121221212
112221122
212122121
221122211
121221212
112221122
212122121
221122211
121221212
112221122
212122121
221122211
121221212
112221122
212122121
221122211
121221212
112221122
212122121
221122211
121221212
112221122
212122121
221122211
121221212
112221122
212122121
221122211
121221212
112221122
212122121
221122211
121221212
112221122
212122121
221122211
121221212
112221122
212122121
221122211
121221212
112221122
212122121
221122211
121221212
112221122
212122121
221122211
121221212
112221122
212122121
221122211
121221212
112221122
212122121
221122211
121221212
112221122
212122121
221122211
121221212
112221122
212122121
221122211
121221212
112221122
212122121
221122211
121221212
112221122
212122121
221122211
121221212
112221122
212122121
221122211
121221212
112221122
212122121
221122211
121221212
112221122
212122121
221122211
121221212
112221122
212122121
221122211
121221212
112221122
212122121
221122211
121221212
112221122
212122121
221122211
121221212
112221122
212122121
221122211
121221212
112221122
212122121
221122211
121221212
112221122
212122121
221122211
121221212
112221122
212122121
221122211
121221212
112221122
212122121
221122211
121221212
112221122
212122121
221122211
121221212
112221122
212122121
221122211
121221212
112221122
212122121
221122211
121221212
112221122
212122121
221122211
121221212
112221122
212122121
221122211
121221212
112221122
212122121
221122211
121221212
112221122
212122121
221122211
121221212
112221122
212122121
221122211
121221212
112221122
212122121
221122211
121221212
112221122
212122121
221122211
121221212
112221122
212122121
221122211
121221212
112221122
212122121
221122211
121221212
112221122
212122121
221122211
121221212
112221122
212122121
221122211
121221212
112221122
212122121
221122211
121221212
112221122
212122121
221122211
121221212
112221122
212122121
221122211
121221212
112221122
212122121
221122211
121221212
112221122
212122121
221122211
121221212
112221122
212122121
221122211
121221212
112221122
212122121
221122211
121221212
112221122
212122121
221122211
121221212
112221122
212122121
221122211
121221212
112221122
212122121
221122211
121221212
112221122
212122121
221122211
121221212
112221122
212122121
221122211
121221212
112221122
212122121
221122211
121221212
112221122
212122121
221122211
121221212
112221122
212122121
221122211
121221212
112221122
212122121
221122211
121221212
112221122
212122121
221122211
121221212
112221122
212122121
221122211
121221212
112221122
212122121
221122211
121221212
112221122
212122121
221122211
121221212
112221122
212122121
221122211
120010021
220000111
020111020
122112100
122112100
221211001
021211122
021211122
021010120
121210102
121210102
121210102
102120100
102120100
100122122
100122122
102120100
111020022
111020022
102120102
122112100
122112100
220111000
020020111
110122112
221011201
221021011
021021211
111220122
102012021
120210021
100212021
120010021
221211121
202111120
201001021
211210120
210012010
121212120
100010221
120010201
212111020
121212102
102110122
212111020
211010122
010112212
112211212
220111210
