000010002
010000020
010000020
010000122
000010200
000010200
000010212
000010200
000010221
000010200
000010221
001002000
001002000
101002002
001002000
101002020
001002000
101002020
111002022
001002000
101002200
001002000
101002200
111002202
001002000
101002200
111002220
001002000
101002200
111002220
111102222
100020000
100020000
101020002
100020000
110020020
100020000
110020020
111020022
100020000
101020200
100020000
101020200
111020202
100020000
101020200
111020220
100020000
101020200
111020220
111120222
100020000
100122000
100020000
100122000
101122002
100020000
100122000
110122020
100020000
100122000
110122020
111122022
100020000
100122000
101122200
100020000
100122000
101122200
111122202
100020000
100122000
101122200
111122220
100020000
100122000
101122200
111122220
111122222
100200000
100200000
101200002
100200000
101200020
100200000
101200020
111200022
100200000
110200200
100200000
110200200
111200202
100200000
110200200
111200220
100200000
110200200
111200220
111210222
100200000
100212000
100200000
100212000
101212002
100200000
100212000
110212020
100200000
100212000
110212020
111212022
100200000
100212000
110212200
100200000
100212000
110212200
111212202
100200000
100212000
110212200
111212220
100200000
100212000
110212200
111212220
111212222
100200000
100221000
100200000
100221000
110221002
100200000
100221000
110221020
100200000
100221000
110221020
111221022
100200000
100221000
101221200
100200000
100221000
101221200
111221202
100200000
100221000
101221200
111221220
100200000
100221000
101221200
111221220
111221222
100200000
100221000
100200000
100221000
110221002
100200000
100221000
110221020
100200000
100221000
110221020
111221022
100200000
100221000
101221200
100200000
100221000
101221200
111221202
100200000
100221000
101221200
111221220
002010000
002010000
002011002
002010000
002110020
002010000
002110020
002111022
002010000
012010200
002010000
012010200
012010212
002010000
012010200
012010221
002010000
012010200
012010221
002010000
002012001
002010000
002012001
002010000
002012001
102012021
002010000
002012001
102012021
002010000
002012001
102012201
002010000
002012001
102012201
002010000
002012001
102012201
112012221
002010000
002012001
102012201
112012221
002010000
002010000
002011002
002010000
002110020
002010000
002110020
002111022
002010000
012010200
002010000
012010200
012010212
002010000
012010200
012010221
002010000
012010200
012010221
002010000
002012001
002010000
002012001
002010000
002012001
102012021
002010000
002012001
102012021
002010000
002012001
102012201
002010000
002012001
102012201
002010000
002012001
102012201
112012221
002010000
102210000
002010000
102210000
102211002
002010000
102210000
102210021
002010000
102210000
102210021
002010000
102210000
112210200
002010000
102210000
112210200
112210212
002010000
102210000
112210200
112210221
002010000
102210000
112210200
112210221
002010000
102210000
102212001
002010000
102210000
102212001
002010000
102210000
102212001
112212021
002010000
102210000
102212001
112212021
002010000
102210000
102212001
112212201
002010000
102210000
102212001
112212201
002010000
102210000
102212001
112212201
112212221
002010000
102210000
002010000
102210000
102211002
002010000
102210000
102210021
002010000
102210000
102210021
002010000
102210000
112210200
002010000
102210000
112210200
112210212
002010000
102210000
112210200
112210221
002010000
102210000
102212001
002010000
102210000
102212001
002010000
102210000
102212001
112212021
002010000
102210000
102212001
112212201
120000000
120000000
120010002
120000000
120010020
120000000
120010020
120010122
120000000
120010200
120000000
120010200
120010212
120000000
120010200
120010221
120000000
120010200
120010221
120000000
120002100
120000000
120002100
121002102
120000000
120002100
120102120
120000000
120002100
120102120
121102122
120000000
120002100
120000000
120002100
121002102
120000000
120002100
120102120
120000000
120002100
120102120
121102122
120000000
120020010
120000000
120020010
121020012
120000000
120020010
120000000
120020010
121020012
120000000
120020010
121020210
120000000
120020010
121020210
121120212
120000000
120020010
121020210
120000000
120020010
121020210
121120212
120000000
120020010
120122010
120000000
120020010
120122010
120122112
120000000
120020010
120122010
120000000
120020010
120122010
120122112
120000000
120020010
120122010
121122210
120000000
120020010
120122010
121122210
121122212
120000000
120020010
120122010
121122210
120000000
120210000
120000000
120210000
121210002
120000000
120210000
121210020
120000000
120210000
121210020
121210122
120000000
120210000
120210201
120000000
120210000
120210201
120000000
120210000
120210201
121210221
120000000
120210000
120210201
121210221
120000000
120210000
121212000
120000000
120210000
121212000
121212102
120000000
120210000
121212000
121212120
120000000
120210000
121212000
121212120
121212122
120000000
120210000
121212000
121212201
120000000
120210000
121212000
121212201
120000000
120210000
121212000
121212201
121212221
120000000
120210000
120000000
120210000
121210002
120000000
120210000
121210020
120000000
120210000
121210020
121210122
120000000
120210000
120210201
120000000
120210000
120210201
120000000
120210000
120210201
121210221
120000000
120210000
121212000
120000000
120210000
121212000
121212102
120000000
120210000
121212000
121212120
120000000
120210000
121212000
121212201
120000000
122100000
120000000
122100000
122101002
120000000
122100000
122110020
120000000
122100000
122110020
122111022
120000000
122100000
122110200
120000000
122100000
122110200
122111202
120000000
122100000
122110200
122111220
120000000
122100000
122110200
122111220
122111222
120000000
122100000
122102100
120000000
122100000
122102100
122112102
120000000
122100000
122102100
122112120
120000000
122100000
122102100
122112120
122112122
120000000
122100000
122102100
120000000
122100000
122102100
122112102
120000000
122100000
122102100
122112120
120000000
122100000
122120100
120000000
122100000
122120100
122121102
120000000
122100000
122120100
122121120
120000000
122100000
122120100
122121120
122121122
120000000
122100000
122120100
120000000
122100000
122120100
122121102
120000000
122100000
122120100
122121120
120000000
122100000
122120100
122122110
120000000
122100000
122120100
122122110
122122112
120000000
122100000
122120100
122122110
120000000
122100000
122120100
122122110
120000000
122100000
120000000
122100000
122101002
120000000
122100000
122110020
120000000
122100000
122110020
122111022
120000000
122100000
122110200
120000000
122100000
122110200
122111202
120000000
122100000
122110200
122111220
120000000
122100000
122102100
120000000
122100000
122102100
122112102
120000000
122100000
122102100
122112120
120000000
122100000
122102100
120000000
122100000
122120100
120000000
122100000
122120100
122121102
120000000
122100000
122120100
122121120
120000000
122100000
122120100
120000000
122100000
122120100
122122110
200010000
200010000
210010002
200010000
200110020
200010000
200110020
200111022
200010000
200110200
200010000
200110200
200111202
200010000
200110200
200111220
200010000
200110200
200111220
210111222
200010000
210012000
200010000
210012000
211012002
200010000
210012000
210012120
200010000
210012000
210012120
211012122
200010000
210012000
210012210
200010000
210012000
210012210
211012212
200010000
210012000
210012210
200010000
210012000
210012210
211012212
200010000
200010000
210010002
200010000
200110020
200010000
200110020
200111022
200010000
200110200
200010000
200110200
200111202
200010000
200110200
200111220
200010000
200110200
200111220
210111222
200010000
210012000
200010000
210012000
211012002
200010000
210012000
210012120
200010000
210012000
210012120
211012122
200010000
210012000
210012210
200010000
210012000
210012210
211012212
200010000
210012000
210012210
200010000
200210100
200010000
200210100
210210102
200010000
200210100
201210120
200010000
200210100
201210120
211210122
200010000
200210100
200010000
200210100
210210102
200010000
200210100
201210120
200010000
200210100
201210120
211210122
200010000
200210100
210212100
200010000
200210100
210212100
211212102
200010000
200210100
210212100
211212120
200010000
200210100
210212100
211212120
211212122
200010000
200210100
210212100
200010000
200210100
210212100
211212102
200010000
200210100
210212100
211212120
200010000
200210100
200010000
200210100
210210102
200010000
200210100
201210120
200010000
200210100
201210120
211210122
200010000
200210100
200010000
200210100
210210102
200010000
200210100
201210120
200010000
200210100
210212100
200010000
200210100
210212100
211212102
200010000
200210100
210212100
211212120
200010000
200210100
210212100
200010000
212010000
200010000
212010000
212011002
200010000
212010000
212110020
200010000
212010000
212110020
212111022
200010000
212010000
212110200
200010000
212010000
212110200
212111202
200010000
212010000
212110200
212111220
200010000
212010000
212110200
212111220
212111222
200010000
212010000
212012010
200010000
212010000
212012010
212112012
200010000
212010000
212012010
200010000
212010000
212012010
212112012
200010000
212010000
212012010
212112210
200010000
212010000
212012010
212112210
212112212
200010000
212010000
212012010
212112210
200010000
212010000
200010000
212010000
212011002
200010000
212010000
212110020
200010000
212010000
212110020
212111022
200010000
212010000
212110200
200010000
212010000
212110200
212111202
200010000
212010000
212110200
212111220
200010000
212010000
212012010
200010000
212010000
212012010
212112012
200010000
212010000
212012010
200010000
212010000
212012010
212112210
200010000
212010000
212210010
200010000
212010000
212210010
212211012
200010000
212010000
212210010
200010000
212010000
212210010
212211012
200010000
212010000
212210010
212211210
200010000
212010000
212210010
212211210
212211212
200010000
212010000
212210010
212211210
200010000
212010000
212210010
212212110
200010000
212010000
212210010
212212110
212212112
200010000
212010000
212210010
212212110
200010000
212010000
212210010
212212110
200010000
212010000
212210010
200010000
212010000
212210010
212211012
200010000
212010000
212210010
200010000
212010000
212210010
212211210
200010000
212010000
212210010
212212110
200010000
221010000
200010000
221010000
221110002
200010000
221010000
221110020
200010000
221010000
221110020
221111022
200010000
221010000
221110200
200010000
221010000
221110200
221111202
200010000
221010000
221110200
221111220
200010000
221010000
221110200
221111220
221111222
200010000
221010000
221012100
200010000
221010000
221012100
221112102
200010000
221010000
221012100
221112120
200010000
221010000
221012100
221112120
221112122
200010000
221010000
221012100
200010000
221010000
221012100
221112102
200010000
221010000
221012100
221112120
200010000
221010000
200010000
221010000
221110002
200010000
221010000
221110020
200010000
221010000
221110020
221111022
200010000
221010000
221110200
200010000
221010000
221110200
221111202
200010000
221010000
221110200
221111220
200010000
221010000
221012100
200010000
221010000
221012100
221112102
200010000
221010000
221012100
221112120
200010000
221010000
221012100
200010000
221010000
221210100
200010000
221010000
221210100
221211102
200010000
221010000
221210100
221211120
200010000
221010000
221210100
221211120
221211122
200010000
221010000
221210100
200010000
221010000
221210100
221211102
200010000
221010000
221210100
221211120
200010000
221010000
221210100
221212110
200010000
221010000
221210100
221212110
221212112
200010000
221010000
221210100
221212110
200010000
221010000
221210100
221212110
200010000
221010000
221210100
200010000
221010000
221210100
221211102
200010000
221010000
221210100
221211120
200010000
221010000
221210100
200010000
221010000
221210100
221212110
200010000
221010000
200010000
221010000
221110002
200010000
221010000
221110020
200010000
221010000
221110020
221111022
200010000
221010000
221110200
200010000
221010000
221110200
221111202
200010000
221010000
221110200
221111220
200010000
221010000
221012100
200010000
221010000
221012100
221112102
200010000
221010000
221012100
221112120
200010000
221010000
221012100
200010000
221010000
200010000
221010000
221110002
200010000
221010000
221110020
200010000
221010000
221110200
200010000
221010000
221012100
200010000
221010000
221210100
200010000
221010000
221210100
221211102
200010000
221010000
221210100
221211120
200010000
221010000
221210100
200010000
221010000
221210100
221212110
200010000
221010000
221210100
