000000002
000000020
000000022
000000200
000000202
000000220
000000222
000002000
000002002
000002020
000002022
000002200
000002202
000002220
000002222
000020000
000020002
000020020
000020022
000020200
000020202
000020220
000020222
000022000
000022002
000022020
000022022
000022200
000022202
000022220
000022222
000200000
000200002
000200020
000200022
000200200
000200202
000200220
000200222
000202000
000202002
000202020
000202022
000202200
000202202
000202220
000202222
000220000
000220002
000220020
000220022
000220200
000220202
000220220
000220222
000222000
000222002
000222020
000222022
000222200
000222202
000222220
000222222
002000000
002000002
002000020
002000022
002000200
002000202
002000220
002000222
002002000
002002002
002002020
002002022
002002200
002002202
002002220
002002222
002020000
002020002
002020020
002020022
002020200
002020202
002020220
002020222
002022000
002022002
002022020
002022022
002022200
002022202
002022220
002022222
002200000
002200002
002200020
002200022
002200200
002200202
002200220
002200222
002202000
002202002
002202020
002202022
002202200
002202202
002202220
002202222
002220000
002220002
002220020
002220022
002220200
002220202
002220220
002220222
002222000
002222002
002222020
002222022
002222200
002222202
002222220
002222222
020000000
020000002
020000020
020000022
020000200
020000202
020000220
020000222
020002000
020002002
020002020
020002022
020002200
020002202
020002220
020002222
020020000
020020002
020020020
020020022
020020200
020020202
020020220
020020222
020022000
020022002
020022020
020022022
020022200
020022202
020022220
020022222
020200000
020200002
020200020
020200022
020200200
020200202
020200220
020200222
020202000
020202002
020202020
020202022
020202200
020202202
020202220
020202222
020220000
020220002
020220020
020220022
020220200
020220202
020220220
020220222
020222000
020222002
020222020
020222022
020222200
020222202
020222220
020222222
022000000
022000002
022000020
022000022
022000200
022000202
022000220
022000222
022002000
022002002
022002020
022002022
022002200
022002202
022002220
022002222
022020000
022020002
022020020
022020022
022020200
022020202
022020220
022020222
022022000
022022002
022022020
022022022
022022200
022022202
022022220
022022222
022200000
022200002
022200020
022200022
022200200
022200202
022200220
022200222
022202000
022202002
022202020
022202022
022202200
022202202
022202220
022202222
022220000
022220002
022220020
022220022
022220200
022220202
022220220
022220222
022222000
022222002
022222020
022222022
022222200
022222202
022222220
022222222
200000000
200000002
200000020
200000022
200000200
200000202
200000220
200000222
200002000
200002002
200002020
200002022
200002200
200002202
200002220
200002222
200020000
200020002
200020020
200020022
200020200
200020202
200020220
200020222
200022000
200022002
200022020
200022022
200022200
200022202
200022220
200022222
200200000
200200002
200200020
200200022
200200200
200200202
200200220
200200222
200202000
200202002
200202020
200202022
200202200
200202202
200202220
200202222
200220000
200220002
200220020
200220022
200220200
200220202
200220220
200220222
200222000
200222002
200222020
200222022
200222200
200222202
200222220
200222222
202000000
202000002
202000020
202000022
202000200
202000202
202000220
202000222
202002000
202002002
202002020
202002022
202002200
202002202
202002220
202002222
202020000
202020002
202020020
202020022
202020200
202020202
202020220
202020222
202022000
202022002
202022020
202022022
202022200
202022202
202022220
202022222
202200000
202200002
202200020
202200022
202200200
202200202
202200220
202200222
202202000
202202002
202202020
202202022
202202200
202202202
202202220
202202222
202220000
202220002
202220020
202220022
202220200
202220202
202220220
202220222
202222000
202222002
202222020
202222022
202222200
202222202
202222220
202222222
220000000
220000002
220000020
220000022
220000200
220000202
220000220
220000222
220002000
220002002
220002020
220002022
220002200
220002202
220002220
220002222
220020000
220020002
220020020
220020022
220020200
220020202
220020220
220020222
220022000
220022002
220022020
220022022
220022200
220022202
220022220
220022222
220200000
220200002
220200020
220200022
220200200
220200202
220200220
220200222
220202000
220202002
220202020
220202022
220202200
220202202
220202220
220202222
220220000
220220002
220220020
220220022
220220200
220220202
220220220
220220222
220222000
220222002
220222020
220222022
220222200
220222202
220222220
220222222
222000000
222000002
222000020
222000022
222000200
222000202
222000220
222000222
222002000
222002002
222002020
222002022
222002200
222002202
222002220
222002222
222020000
222020002
222020020
222020022
222020200
222020202
222020220
222020222
222022000
222022002
222022020
222022022
222022200
222022202
222022220
222022222
222200000
222200002
222200020
222200022
222200200
222200202
222200220
222200222
222202000
222202002
222202020
222202022
222202200
222202202
222202220
222202222
222220000
222220002
222220020
222220022
222220200
222220202
222220220
222220222
222222000
222222002
222222020
222222022
222222200
222222202
222222220
222222222
